min, max, mean, stdev
mpos_delta0, -0.852373, 0.555633, 0.002031, 0.018897
mvel_delta0, -10.189522, 15.689867, 0.004393, 0.217529
jpos_delta0, -0.006258, 0.004080, 0.000015, 0.000139
pos_delta0, -42.551127, 21.327923, -0.033411, 0.251903
mpos_distance0, 0.000000, 81.037954, 0.467926, 4.412995
mvel_distance0, 0.000000, 40.631830, 2.308235, 2.615265
jpos_distance0, 0.000000, 0.595009, 0.003436, 0.032402
pos_distance0, 0.000000, 1494.647612, 12.354384, 83.515507
mpos_delta1, -2.118001, 0.465325, -0.002485, 0.019043
mvel_delta1, -11.737414, 19.708761, -0.000611, 0.186995
jpos_delta1, -0.017479, 0.004541, -0.000023, 0.000153
pos_delta1, -8.203047, 14.713126, 0.002836, 0.269090
mpos_distance1, 0.000000, 201.100532, 0.847861, 10.908816
mvel_distance1, 0.000001, 31.999461, 2.139683, 2.290710
jpos_distance1, 0.000000, 1.578822, 0.006679, 0.085057
pos_distance1, 0.000000, 6531.650379, 35.688955, 373.204177
mpos_delta2, -5.172720, 2.945925, -0.006248, 0.026722
mvel_delta2, -26.684336, 45.872272, -0.002990, 0.168134
jpos_delta2, -0.002258, 0.001367, -0.000003, 0.000012
pos_delta2, -17.488199, 3.717551, 0.010895, 0.166224
mpos_distance2, 0.000000, 900.187797, 3.387080, 50.883580
mvel_distance2, 0.000001, 49.308665, 2.252565, 2.819519
jpos_distance2, 0.000000, 0.400195, 0.001507, 0.022633
pos_distance2, 0.000000, 5362.401954, 22.502655, 307.277699
